Shape: (10, 10)

0.0000 138.4537 139.0652 138.9475 134.3512 137.4974 139.4917 139.9790 137.1885 139.4721
138.4537 0.0000 137.5805 137.5385 136.9922 139.4085 136.7391 137.9692 138.0166 136.1921
139.0652 137.5805 0.0000 138.8661 136.8409 136.0950 138.3993 136.6387 139.5375 139.5155
138.9475 137.5385 138.8661 0.0000 138.1371 141.1994 136.4639 137.5979 134.0021 137.5660
134.3512 136.9922 136.8409 138.1371 0.0000 133.5396 137.1568 134.9723 138.2721 133.3127
137.4974 139.4085 136.0950 141.1994 133.5396 0.0000 140.1318 134.9842 140.3580 135.1634
139.4917 136.7391 138.3993 136.4639 137.1568 140.1318 0.0000 140.1929 138.9234 139.0689
139.9790 137.9692 136.6387 137.5979 134.9723 134.9842 140.1929 0.0000 137.6580 134.2657
137.1885 138.0166 139.5375 134.0021 138.2721 140.3580 138.9234 137.6580 0.0000 138.9410
139.4721 136.1921 139.5155 137.5660 133.3127 135.1634 139.0689 134.2657 138.9410 0.0000
