Shape: (10, 10)

0.0000 132.8910 137.2367 136.1805 133.8436 134.5732 133.9499 136.4187 136.5866 137.9389
132.8910 0.0000 136.5738 134.0719 135.8610 132.2007 137.1755 136.2583 134.4848 135.3428
137.2367 136.5738 0.0000 134.6662 138.3915 136.7409 136.4857 137.3723 138.5619 137.9327
136.1805 134.0719 134.6662 0.0000 135.5166 130.7515 135.3951 135.5149 137.0591 135.8169
133.8436 135.8610 138.3915 135.5166 0.0000 135.5024 132.8490 132.0175 139.0190 136.3034
134.5732 132.2007 136.7409 130.7515 135.5024 0.0000 135.6380 135.7043 137.5242 136.5358
133.9499 137.1755 136.4857 135.3951 132.8490 135.6380 0.0000 138.4583 134.9525 138.1223
136.4187 136.2583 137.3723 135.5149 132.0175 135.7043 138.4583 0.0000 138.0801 138.3963
136.5866 134.4848 138.5619 137.0591 139.0190 137.5242 134.9525 138.0801 0.0000 136.6650
137.9389 135.3428 137.9327 135.8169 136.3034 136.5358 138.1223 138.3963 136.6650 0.0000
