Shape: (10, 10)

0.0000 140.0501 135.1510 139.7961 138.9847 135.5195 141.0874 139.0218 136.6045 141.8301
140.0501 0.0000 136.5875 133.3216 136.4368 137.7169 135.1774 134.9796 134.6746 137.9041
135.1510 136.5875 0.0000 133.4326 139.8758 134.9917 139.5321 134.6150 137.5281 140.4812
139.7961 133.3216 133.4326 0.0000 140.4833 137.9264 135.9771 134.8801 137.9762 135.0708
138.9847 136.4368 139.8758 140.4833 0.0000 135.9488 142.6826 138.0270 136.4845 144.1539
135.5195 137.7169 134.9917 137.9264 135.9488 0.0000 140.2321 135.9574 135.1253 139.9217
141.0874 135.1774 139.5321 135.9771 142.6826 140.2321 0.0000 136.9471 142.0172 136.8388
139.0218 134.9796 134.6150 134.8801 138.0270 135.9574 136.9471 0.0000 137.0754 136.2338
136.6045 134.6746 137.5281 137.9762 136.4845 135.1253 142.0172 137.0754 0.0000 139.8902
141.8301 137.9041 140.4812 135.0708 144.1539 139.9217 136.8388 136.2338 139.8902 0.0000
