Shape: (10, 10)

0.0000 135.6158 132.6312 135.2467 133.3395 133.8017 132.6155 139.1601 138.9589 137.9140
135.6158 0.0000 132.2139 131.5581 134.0200 134.2969 136.4596 134.7555 135.3463 133.6767
132.6312 132.2139 0.0000 133.8638 126.5067 130.7681 130.5813 134.8512 133.9299 133.4716
135.2467 131.5581 133.8638 0.0000 133.6431 138.8537 138.3899 138.3386 135.5181 137.7518
133.3395 134.0200 126.5067 133.6431 0.0000 131.5450 133.9227 135.7607 140.0770 137.8525
133.8017 134.2969 130.7681 138.8537 131.5450 0.0000 132.1131 131.0192 136.5451 138.6567
132.6155 136.4596 130.5813 138.3899 133.9227 132.1131 0.0000 136.4824 138.0902 135.9493
139.1601 134.7555 134.8512 138.3386 135.7607 131.0192 136.4824 0.0000 139.5186 138.1452
138.9589 135.3463 133.9299 135.5181 140.0770 136.5451 138.0902 139.5186 0.0000 137.7893
137.9140 133.6767 133.4716 137.7518 137.8525 138.6567 135.9493 138.1452 137.7893 0.0000
