Shape: (10, 10)

0.0000 137.8138 133.7294 133.1783 136.1521 136.8715 138.6668 138.9680 134.5670 134.9707
137.8138 0.0000 133.2418 135.9984 138.2618 136.1210 137.8806 136.9316 136.7585 134.5029
133.7294 133.2418 0.0000 135.2830 131.9640 133.4142 134.5967 134.3043 133.7572 133.5505
133.1783 135.9984 135.2830 0.0000 139.6534 131.8323 135.3638 135.1954 137.6367 134.5052
136.1521 138.2618 131.9640 139.6534 0.0000 137.2070 139.7268 137.7282 137.5646 140.2090
136.8715 136.1210 133.4142 131.8323 137.2070 0.0000 132.0079 133.2863 137.3107 134.1521
138.6668 137.8806 134.5967 135.3638 139.7268 132.0079 0.0000 133.6028 134.7094 135.4590
138.9680 136.9316 134.3043 135.1954 137.7282 133.2863 133.6028 0.0000 132.9385 135.5661
134.5670 136.7585 133.7572 137.6367 137.5646 137.3107 134.7094 132.9385 0.0000 138.7204
134.9707 134.5029 133.5505 134.5052 140.2090 134.1521 135.4590 135.5661 138.7204 0.0000
