Shape: (10, 10)

0.0000 134.2370 134.9751 134.2246 136.5666 140.2157 138.0534 139.3971 137.7534 139.7955
134.2370 0.0000 139.3989 132.6747 135.8907 135.5146 140.7708 137.5058 135.0031 138.4041
134.9751 139.3989 0.0000 134.2926 137.7654 138.0435 135.3725 140.1702 136.5210 139.8350
134.2246 132.6747 134.2926 0.0000 136.1204 135.1575 132.9933 137.7512 136.0621 137.7174
136.5666 135.8907 137.7654 136.1204 0.0000 136.5813 137.0982 134.5477 130.7833 139.7520
140.2157 135.5146 138.0435 135.1575 136.5813 0.0000 140.2501 139.1998 136.5328 140.2630
138.0534 140.7708 135.3725 132.9933 137.0982 140.2501 0.0000 138.2347 135.9245 138.9370
139.3971 137.5058 140.1702 137.7512 134.5477 139.1998 138.2347 0.0000 137.7263 134.8994
137.7534 135.0031 136.5210 136.0621 130.7833 136.5328 135.9245 137.7263 0.0000 141.6650
139.7955 138.4041 139.8350 137.7174 139.7520 140.2630 138.9370 134.8994 141.6650 0.0000
