Shape: (10, 10)

0.0000 130.4809 134.5876 135.9428 137.6101 133.5700 135.9255 134.8570 135.7889 136.5480
130.4809 0.0000 131.2657 133.3538 133.2929 135.7037 134.2893 129.9385 135.2907 135.5924
134.5876 131.2657 0.0000 134.7685 138.3599 134.9283 140.0893 135.9157 134.3100 136.7279
135.9428 133.3538 134.7685 0.0000 140.5815 136.3747 138.7123 137.7678 133.6436 134.9004
137.6101 133.2929 138.3599 140.5815 0.0000 135.6684 139.6868 136.2797 139.9477 138.3027
133.5700 135.7037 134.9283 136.3747 135.6684 0.0000 136.9135 135.2644 134.1226 136.3613
135.9255 134.2893 140.0893 138.7123 139.6868 136.9135 0.0000 131.1215 135.4666 140.5522
134.8570 129.9385 135.9157 137.7678 136.2797 135.2644 131.1215 0.0000 135.0396 137.6639
135.7889 135.2907 134.3100 133.6436 139.9477 134.1226 135.4666 135.0396 0.0000 137.7464
136.5480 135.5924 136.7279 134.9004 138.3027 136.3613 140.5522 137.6639 137.7464 0.0000
