Shape: (10, 10)

0.0000 137.4789 134.2243 136.4554 141.3543 138.4555 139.9451 136.6076 138.4974 137.5865
137.4789 0.0000 135.5352 135.0722 140.5826 134.2206 138.5204 138.0004 138.5760 136.1019
134.2243 135.5352 0.0000 137.9297 137.3941 135.3359 135.9104 133.8581 136.9454 135.2741
136.4554 135.0722 137.9297 0.0000 137.9322 136.4104 140.8333 135.7221 139.4943 137.1135
141.3543 140.5826 137.3941 137.9322 0.0000 138.1305 136.5746 136.1834 140.6722 138.4790
138.4555 134.2206 135.3359 136.4104 138.1305 0.0000 140.0934 133.2780 135.7662 135.5488
139.9451 138.5204 135.9104 140.8333 136.5746 140.0934 0.0000 140.7660 142.2819 138.9339
136.6076 138.0004 133.8581 135.7221 136.1834 133.2780 140.7660 0.0000 133.0171 133.9032
138.4974 138.5760 136.9454 139.4943 140.6722 135.7662 142.2819 133.0171 0.0000 138.0365
137.5865 136.1019 135.2741 137.1135 138.4790 135.5488 138.9339 133.9032 138.0365 0.0000
