Shape: (10, 10)

0.0000 138.1998 142.9505 134.8552 136.6246 138.7289 137.4343 136.4400 137.0706 140.7292
138.1998 0.0000 137.5768 138.7071 140.5939 137.1718 136.0567 140.6172 135.9251 140.9249
142.9505 137.5768 0.0000 138.7790 141.7150 140.4355 141.5723 139.9861 142.1423 144.6785
134.8552 138.7071 138.7790 0.0000 137.9157 139.0277 135.1180 134.5159 138.0305 138.5175
136.6246 140.5939 141.7150 137.9157 0.0000 135.1767 135.8036 133.0378 138.6535 135.3560
138.7289 137.1718 140.4355 139.0277 135.1767 0.0000 135.6952 136.9157 132.8555 140.0218
137.4343 136.0567 141.5723 135.1180 135.8036 135.6952 0.0000 133.3934 136.2069 137.1883
136.4400 140.6172 139.9861 134.5159 133.0378 136.9157 133.3934 0.0000 135.9660 136.0215
137.0706 135.9251 142.1423 138.0305 138.6535 132.8555 136.2069 135.9660 0.0000 137.8236
140.7292 140.9249 144.6785 138.5175 135.3560 140.0218 137.1883 136.0215 137.8236 0.0000
