Shape: (10, 10)

0.0000 139.2654 133.8547 135.6897 137.8388 137.9610 137.3767 137.0017 140.0953 139.4186
139.2654 0.0000 138.3492 129.9361 137.6950 137.0518 137.2433 135.6356 137.8613 136.0787
133.8547 138.3492 0.0000 137.0838 136.7619 136.5939 137.3390 138.0096 138.3805 136.8899
135.6897 129.9361 137.0838 0.0000 135.3232 133.5766 137.2817 133.0360 133.0469 131.0231
137.8388 137.6950 136.7619 135.3232 0.0000 135.5180 138.3791 137.9527 137.2193 138.0574
137.9610 137.0518 136.5939 133.5766 135.5180 0.0000 138.3960 138.7000 140.9497 137.2043
137.3767 137.2433 137.3390 137.2817 138.3791 138.3960 0.0000 138.0004 136.3433 136.7019
137.0017 135.6356 138.0096 133.0360 137.9527 138.7000 138.0004 0.0000 137.6180 138.2935
140.0953 137.8613 138.3805 133.0469 137.2193 140.9497 136.3433 137.6180 0.0000 135.2918
139.4186 136.0787 136.8899 131.0231 138.0574 137.2043 136.7019 138.2935 135.2918 0.0000
