Shape: (10, 10)

0.0000 137.9439 136.9924 139.2628 137.2721 136.4592 140.8645 137.4582 136.2806 141.1459
137.9439 0.0000 135.7546 131.4276 132.9075 136.5954 139.0108 136.9953 132.3949 136.4084
136.9924 135.7546 0.0000 134.7776 134.4657 136.4143 134.8041 132.5282 138.4281 138.6016
139.2628 131.4276 134.7776 0.0000 132.1425 136.4176 136.7958 135.6567 134.4206 137.5639
137.2721 132.9075 134.4657 132.1425 0.0000 136.2480 134.6246 133.1378 134.5884 135.3562
136.4592 136.5954 136.4143 136.4176 136.2480 0.0000 139.4348 135.7425 135.6483 135.9408
140.8645 139.0108 134.8041 136.7958 134.6246 139.4348 0.0000 140.0909 137.6082 140.8602
137.4582 136.9953 132.5282 135.6567 133.1378 135.7425 140.0909 0.0000 134.2716 139.5640
136.2806 132.3949 138.4281 134.4206 134.5884 135.6483 137.6082 134.2716 0.0000 137.5663
141.1459 136.4084 138.6016 137.5639 135.3562 135.9408 140.8602 139.5640 137.5663 0.0000
