Shape: (10, 10)

0.0000 140.3474 139.7157 133.8899 135.2578 137.2368 139.5049 136.9343 140.4188 139.1004
140.3474 0.0000 138.3527 137.9295 136.5326 139.1963 138.9444 139.7680 138.2373 138.3892
139.7157 138.3527 0.0000 132.6945 137.9573 137.6866 140.2308 141.9052 135.3315 135.2419
133.8899 137.9295 132.6945 0.0000 132.5106 135.7130 136.9436 138.5578 135.4363 135.8659
135.2578 136.5326 137.9573 132.5106 0.0000 137.5280 137.0041 138.3081 132.1215 136.0000
137.2368 139.1963 137.6866 135.7130 137.5280 0.0000 137.8504 142.1555 136.0176 136.2601
139.5049 138.9444 140.2308 136.9436 137.0041 137.8504 0.0000 136.4546 134.4182 138.6644
136.9343 139.7680 141.9052 138.5578 138.3081 142.1555 136.4546 0.0000 138.3502 140.2961
140.4188 138.2373 135.3315 135.4363 132.1215 136.0176 134.4182 138.3502 0.0000 135.4501
139.1004 138.3892 135.2419 135.8659 136.0000 136.2601 138.6644 140.2961 135.4501 0.0000
