Shape: (10, 10)

0.0000 136.7078 139.8931 136.0158 136.1161 134.5713 137.0086 137.8374 137.1639 137.8685
136.7078 0.0000 136.5664 136.6353 136.6891 134.8681 134.2933 137.2900 138.5772 139.9918
139.8931 136.5664 0.0000 135.8866 132.0859 135.5888 139.2650 138.5460 138.0401 137.1407
136.0158 136.6353 135.8866 0.0000 132.1900 135.3385 135.8894 137.6875 138.1787 137.3415
136.1161 136.6891 132.0859 132.1900 0.0000 131.7069 135.3111 136.7865 138.6738 136.5173
134.5713 134.8681 135.5888 135.3385 131.7069 0.0000 134.3187 133.8393 135.9120 138.5866
137.0086 134.2933 139.2650 135.8894 135.3111 134.3187 0.0000 132.9773 135.8960 137.3923
137.8374 137.2900 138.5460 137.6875 136.7865 133.8393 132.9773 0.0000 131.8090 141.2283
137.1639 138.5772 138.0401 138.1787 138.6738 135.9120 135.8960 131.8090 0.0000 139.7925
137.8685 139.9918 137.1407 137.3415 136.5173 138.5866 137.3923 141.2283 139.7925 0.0000
