Shape: (10, 10)

0.0000 138.4694 139.6704 139.1770 135.1504 138.2940 138.4488 138.8607 139.2223 137.0896
138.4694 0.0000 139.4211 137.5183 137.6830 138.1236 137.4973 135.5479 138.1986 137.9192
139.6704 139.4211 0.0000 143.9263 141.2064 141.0434 139.3017 142.1057 139.9879 136.8659
139.1770 137.5183 143.9263 0.0000 136.6951 137.5017 140.1470 141.9193 138.0119 135.7858
135.1504 137.6830 141.2064 136.6951 0.0000 136.2669 141.1647 139.9752 135.7272 134.8440
138.2940 138.1236 141.0434 137.5017 136.2669 0.0000 139.0351 139.0619 136.1421 134.8253
138.4488 137.4973 139.3017 140.1470 141.1647 139.0351 0.0000 139.4716 140.3485 136.2293
138.8607 135.5479 142.1057 141.9193 139.9752 139.0619 139.4716 0.0000 138.3374 139.4152
139.2223 138.1986 139.9879 138.0119 135.7272 136.1421 140.3485 138.3374 0.0000 137.9563
137.0896 137.9192 136.8659 135.7858 134.8440 134.8253 136.2293 139.4152 137.9563 0.0000
