Shape: (10, 10)

0.0000 136.0216 136.8310 135.0050 135.9626 135.3881 138.6288 137.5486 136.3762 139.5762
136.0216 0.0000 135.8621 134.2729 136.9895 135.4304 140.4279 136.1521 140.1495 139.9104
136.8310 135.8621 0.0000 136.1228 137.7399 137.4639 138.1180 139.2109 134.5202 137.9759
135.0050 134.2729 136.1228 0.0000 131.6420 136.3562 138.3174 137.1590 137.0140 136.4911
135.9626 136.9895 137.7399 131.6420 0.0000 137.3942 134.3604 132.8824 137.3403 140.4358
135.3881 135.4304 137.4639 136.3562 137.3942 0.0000 137.2851 134.9839 139.1007 139.2163
138.6288 140.4279 138.1180 138.3174 134.3604 137.2851 0.0000 138.5701 140.4666 140.2584
137.5486 136.1521 139.2109 137.1590 132.8824 134.9839 138.5701 0.0000 137.2792 138.6978
136.3762 140.1495 134.5202 137.0140 137.3403 139.1007 140.4666 137.2792 0.0000 139.7059
139.5762 139.9104 137.9759 136.4911 140.4358 139.2163 140.2584 138.6978 139.7059 0.0000
