Shape: (10, 10)

0.0000 137.1569 140.6783 136.3336 138.1679 135.0985 135.0944 140.2867 140.5363 135.7387
137.1569 0.0000 137.7885 131.7915 137.1765 138.6003 131.9962 136.3084 135.0786 134.0883
140.6783 137.7885 0.0000 136.5118 137.4862 136.2211 136.8348 139.5815 138.3568 137.9795
136.3336 131.7915 136.5118 0.0000 135.1093 134.6331 130.7907 136.5849 135.7910 131.4535
138.1679 137.1765 137.4862 135.1093 0.0000 136.0022 131.4618 138.8780 137.2502 137.2924
135.0985 138.6003 136.2211 134.6331 136.0022 0.0000 136.2308 138.2037 137.7434 135.8164
135.0944 131.9962 136.8348 130.7907 131.4618 136.2308 0.0000 136.2451 134.0358 133.7286
140.2867 136.3084 139.5815 136.5849 138.8780 138.2037 136.2451 0.0000 138.7348 139.1293
140.5363 135.0786 138.3568 135.7910 137.2502 137.7434 134.0358 138.7348 0.0000 136.7138
135.7387 134.0883 137.9795 131.4535 137.2924 135.8164 133.7286 139.1293 136.7138 0.0000
