Shape: (10, 10)

0.0000 139.8970 136.6536 140.6493 140.2319 137.3572 141.5883 139.1969 135.3070 139.6207
139.8970 0.0000 133.9835 134.2699 136.9141 132.5561 135.1252 131.4547 137.2642 137.1279
136.6536 133.9835 0.0000 135.8870 137.2298 134.1298 137.5487 133.9552 134.7772 137.4198
140.6493 134.2699 135.8870 0.0000 139.6717 136.1243 141.4550 133.3756 140.5843 136.5956
140.2319 136.9141 137.2298 139.6717 0.0000 136.7577 139.8091 137.2101 138.7910 138.3432
137.3572 132.5561 134.1298 136.1243 136.7577 0.0000 139.3504 135.3863 133.5321 135.4718
141.5883 135.1252 137.5487 141.4550 139.8091 139.3504 0.0000 134.4566 136.4114 138.0337
139.1969 131.4547 133.9552 133.3756 137.2101 135.3863 134.4566 0.0000 134.4377 131.1667
135.3070 137.2642 134.7772 140.5843 138.7910 133.5321 136.4114 134.4377 0.0000 135.9855
139.6207 137.1279 137.4198 136.5956 138.3432 135.4718 138.0337 131.1667 135.9855 0.0000
