Shape: (10, 10)

0.0000 133.9312 140.3572 142.1568 135.9438 137.0733 134.1602 137.6182 138.4069 137.6852
133.9312 0.0000 135.9785 138.7033 133.6286 134.0912 136.4672 135.0248 136.1490 136.8129
140.3572 135.9785 0.0000 139.5414 139.1830 136.6127 137.2164 141.3657 137.6556 140.6301
142.1568 138.7033 139.5414 0.0000 134.8590 136.4780 138.0093 137.2965 139.9955 138.2183
135.9438 133.6286 139.1830 134.8590 0.0000 135.8780 132.6980 138.2295 139.5414 138.4779
137.0733 134.0912 136.6127 136.4780 135.8780 0.0000 135.7003 136.2314 137.3132 136.7836
134.1602 136.4672 137.2164 138.0093 132.6980 135.7003 0.0000 135.9010 137.0633 138.8454
137.6182 135.0248 141.3657 137.2965 138.2295 136.2314 135.9010 0.0000 137.7177 137.4345
138.4069 136.1490 137.6556 139.9955 139.5414 137.3132 137.0633 137.7177 0.0000 141.4590
137.6852 136.8129 140.6301 138.2183 138.4779 136.7836 138.8454 137.4345 141.4590 0.0000
