Shape: (10, 10)

0.0000 141.5962 141.7594 140.6212 138.0806 138.4767 141.0992 142.8318 139.0106 142.6577
141.5962 0.0000 132.4135 138.8501 136.7523 136.4066 136.3153 139.4477 136.4002 139.6708
141.7594 132.4135 0.0000 134.9244 133.0897 133.9460 133.4350 138.3018 138.1168 134.3994
140.6212 138.8501 134.9244 0.0000 140.2880 136.4933 136.5591 139.8030 139.0689 139.8357
138.0806 136.7523 133.0897 140.2880 0.0000 132.3607 135.2256 138.5977 136.6313 135.5555
138.4767 136.4066 133.9460 136.4933 132.3607 0.0000 136.5848 140.2380 135.9501 135.3001
141.0992 136.3153 133.4350 136.5591 135.2256 136.5848 0.0000 139.2229 137.4905 135.1418
142.8318 139.4477 138.3018 139.8030 138.5977 140.2380 139.2229 0.0000 142.3600 141.1220
139.0106 136.4002 138.1168 139.0689 136.6313 135.9501 137.4905 142.3600 0.0000 138.0031
142.6577 139.6708 134.3994 139.8357 135.5555 135.3001 135.1418 141.1220 138.0031 0.0000
