Shape: (10, 10)

0.0000 135.5447 139.8113 140.9793 136.8684 139.1157 136.5920 137.1639 140.3539 136.6068
135.5447 0.0000 134.5473 133.4848 135.9152 135.9604 136.9283 136.2303 136.2066 138.4966
139.8113 134.5473 0.0000 138.3365 138.3964 138.8590 139.3567 138.9613 132.9481 138.5194
140.9793 133.4848 138.3365 0.0000 133.6328 135.6674 137.2220 136.7346 135.3521 136.9357
136.8684 135.9152 138.3964 133.6328 0.0000 133.2344 137.5245 136.8882 136.0323 136.5271
139.1157 135.9604 138.8590 135.6674 133.2344 0.0000 135.9766 136.1000 141.7654 139.3394
136.5920 136.9283 139.3567 137.2220 137.5245 135.9766 0.0000 138.1046 138.2610 139.0486
137.1639 136.2303 138.9613 136.7346 136.8882 136.1000 138.1046 0.0000 138.7813 138.7266
140.3539 136.2066 132.9481 135.3521 136.0323 141.7654 138.2610 138.7813 0.0000 138.4307
136.6068 138.4966 138.5194 136.9357 136.5271 139.3394 139.0486 138.7266 138.4307 0.0000
