Shape: (10, 10)

0.0000 137.1415 139.1967 139.3369 139.8497 137.8978 137.7984 139.8907 138.0286 136.7488
137.1415 0.0000 140.0460 136.3646 136.7919 134.4143 134.9122 133.3024 138.6644 137.0778
139.1967 140.0460 0.0000 134.4715 136.7853 137.4297 138.6729 136.6884 138.0655 137.7388
139.3369 136.3646 134.4715 0.0000 134.8360 137.0196 136.0380 138.6465 135.2684 136.3191
139.8497 136.7919 136.7853 134.8360 0.0000 130.3804 134.2104 137.8677 139.4534 135.9867
137.8978 134.4143 137.4297 137.0196 130.3804 0.0000 131.4327 133.2001 137.1038 129.2294
137.7984 134.9122 138.6729 136.0380 134.2104 131.4327 0.0000 134.5384 136.2667 135.1036
139.8907 133.3024 136.6884 138.6465 137.8677 133.2001 134.5384 0.0000 135.7472 135.9827
138.0286 138.6644 138.0655 135.2684 139.4534 137.1038 136.2667 135.7472 0.0000 134.0330
136.7488 137.0778 137.7388 136.3191 135.9867 129.2294 135.1036 135.9827 134.0330 0.0000
