Shape: (10, 10)

0.0000 138.2654 139.2452 137.9270 135.4317 136.3975 137.7041 137.8463 138.7652 139.5162
138.2654 0.0000 138.2262 134.6072 131.6422 133.2951 136.1695 135.5175 137.1136 142.0616
139.2452 138.2262 0.0000 137.2456 137.7590 137.7935 138.1991 138.1686 137.9577 138.5992
137.9270 134.6072 137.2456 0.0000 135.3572 138.7643 136.5996 136.7902 136.2483 139.0505
135.4317 131.6422 137.7590 135.3572 0.0000 134.7060 137.7601 133.3198 135.5073 138.5267
136.3975 133.2951 137.7935 138.7643 134.7060 0.0000 138.0642 137.9174 136.4049 141.5491
137.7041 136.1695 138.1991 136.5996 137.7601 138.0642 0.0000 136.3762 141.4360 137.8434
137.8463 135.5175 138.1686 136.7902 133.3198 137.9174 136.3762 0.0000 134.4304 140.6742
138.7652 137.1136 137.9577 136.2483 135.5073 136.4049 141.4360 134.4304 0.0000 138.7091
139.5162 142.0616 138.5992 139.0505 138.5267 141.5491 137.8434 140.6742 138.7091 0.0000
