Shape: (10, 10)

0.0000 139.0074 141.3021 142.1178 139.8391 138.5363 139.3906 139.0499 139.3875 142.5714
139.0074 0.0000 136.4138 137.5950 134.7686 135.1447 137.3124 132.6137 137.2981 134.5782
141.3021 136.4138 0.0000 136.7895 138.2851 135.1412 137.7375 135.6442 140.3885 134.2679
142.1178 137.5950 136.7895 0.0000 138.6522 138.1640 137.9640 137.6341 138.3015 135.6544
139.8391 134.7686 138.2851 138.6522 0.0000 138.9665 141.0789 136.4964 136.3376 136.5036
138.5363 135.1447 135.1412 138.1640 138.9665 0.0000 136.2296 136.3381 138.4059 135.5251
139.3906 137.3124 137.7375 137.9640 141.0789 136.2296 0.0000 137.9302 142.4349 136.8277
139.0499 132.6137 135.6442 137.6341 136.4964 136.3381 137.9302 0.0000 137.5353 137.1588
139.3875 137.2981 140.3885 138.3015 136.3376 138.4059 142.4349 137.5353 0.0000 138.9930
142.5714 134.5782 134.2679 135.6544 136.5036 135.5251 136.8277 137.1588 138.9930 0.0000
