Shape: (10, 10)

0.0000 136.0663 137.8117 141.0211 135.1368 139.1684 134.0271 129.4199 136.3680 139.5952
136.0663 0.0000 137.5484 137.1054 139.6337 135.0440 135.8955 135.0687 131.7044 137.8508
137.8117 137.5484 0.0000 137.1967 138.2488 135.0296 135.9885 134.0279 141.9312 139.5134
141.0211 137.1054 137.1967 0.0000 139.7020 137.0940 137.9384 134.0039 137.7910 137.7875
135.1368 139.6337 138.2488 139.7020 0.0000 136.8583 137.2561 131.9943 137.5526 136.5946
139.1684 135.0440 135.0296 137.0940 136.8583 0.0000 137.4345 135.0059 135.8995 135.0503
134.0271 135.8955 135.9885 137.9384 137.2561 137.4345 0.0000 133.2112 134.6924 134.2350
129.4199 135.0687 134.0279 134.0039 131.9943 135.0059 133.2112 0.0000 135.7945 135.3509
136.3680 131.7044 141.9312 137.7910 137.5526 135.8995 134.6924 135.7945 0.0000 135.2906
139.5952 137.8508 139.5134 137.7875 136.5946 135.0503 134.2350 135.3509 135.2906 0.0000
