Shape: (10, 10)

0.0000 138.2291 137.2732 137.8315 138.5850 138.2694 135.2451 138.5263 138.5953 138.1382
138.2291 0.0000 136.1073 133.9324 134.1543 135.3377 131.7837 134.3898 140.3887 138.7411
137.2732 136.1073 0.0000 135.4282 137.7628 140.5446 135.3835 137.2539 137.5643 140.3071
137.8315 133.9324 135.4282 0.0000 133.2714 140.0864 132.3651 136.6496 138.1376 136.4787
138.5850 134.1543 137.7628 133.2714 0.0000 137.9464 130.6948 133.6603 138.0494 137.4618
138.2694 135.3377 140.5446 140.0864 137.9464 0.0000 141.4940 139.1402 140.6392 141.1969
135.2451 131.7837 135.3835 132.3651 130.6948 141.4940 0.0000 136.1343 135.7902 135.6071
138.5263 134.3898 137.2539 136.6496 133.6603 139.1402 136.1343 0.0000 136.3389 141.2733
138.5953 140.3887 137.5643 138.1376 138.0494 140.6392 135.7902 136.3389 0.0000 141.5147
138.1382 138.7411 140.3071 136.4787 137.4618 141.1969 135.6071 141.2733 141.5147 0.0000
