Shape: (10, 10)

0.0000 137.0678 137.6984 140.9650 138.5683 135.1722 140.6025 139.9525 138.4831 140.8031
137.0678 0.0000 138.4973 137.3019 138.5734 139.0159 138.3180 137.7955 138.2507 139.0276
137.6984 138.4973 0.0000 138.5221 140.1923 137.1320 139.0608 137.9880 136.7879 141.1441
140.9650 137.3019 138.5221 0.0000 139.3192 137.9757 136.3132 138.3645 139.4608 138.7699
138.5683 138.5734 140.1923 139.3192 0.0000 138.2328 138.4771 139.2611 138.3638 138.5163
135.1722 139.0159 137.1320 137.9757 138.2328 0.0000 140.1216 137.8611 137.8216 138.0270
140.6025 138.3180 139.0608 136.3132 138.4771 140.1216 0.0000 139.7039 137.3192 141.2778
139.9525 137.7955 137.9880 138.3645 139.2611 137.8611 139.7039 0.0000 136.7539 139.0392
138.4831 138.2507 136.7879 139.4608 138.3638 137.8216 137.3192 136.7539 0.0000 139.6784
140.8031 139.0276 141.1441 138.7699 138.5163 138.0270 141.2778 139.0392 139.6784 0.0000
