Shape: (10, 10)

0.0000 137.5107 137.8682 138.1434 137.3672 136.2830 139.1890 139.1497 136.2233 136.1963
137.5107 0.0000 134.2562 139.7253 135.7405 135.3713 134.3790 135.0593 140.7516 138.1183
137.8682 134.2562 0.0000 139.6708 136.1107 136.6575 135.8016 137.0760 137.7076 137.4541
138.1434 139.7253 139.6708 0.0000 135.7579 140.3797 139.9137 141.3200 140.7939 139.9276
137.3672 135.7405 136.1107 135.7579 0.0000 134.5169 135.1962 137.5592 139.3598 135.0203
136.2830 135.3713 136.6575 140.3797 134.5169 0.0000 134.9471 135.6438 142.3436 138.3080
139.1890 134.3790 135.8016 139.9137 135.1962 134.9471 0.0000 136.2859 138.7530 137.7671
139.1497 135.0593 137.0760 141.3200 137.5592 135.6438 136.2859 0.0000 138.7701 138.5842
136.2233 140.7516 137.7076 140.7939 139.3598 142.3436 138.7530 138.7701 0.0000 139.7686
136.1963 138.1183 137.4541 139.9276 135.0203 138.3080 137.7671 138.5842 139.7686 0.0000
