Shape: (10, 10)

0.0000 141.2367 135.5502 139.7957 135.0935 137.1605 134.2656 139.3027 137.2551 137.7730
141.2367 0.0000 143.7783 139.1938 141.0739 139.4158 139.3820 139.6897 140.1281 143.0983
135.5502 143.7783 0.0000 140.4426 134.4335 136.5032 136.0453 140.4291 135.0033 141.1486
139.7957 139.1938 140.4426 0.0000 139.6970 134.6736 134.4690 139.0951 137.3238 143.9102
135.0935 141.0739 134.4335 139.6970 0.0000 132.3764 135.4389 135.6766 133.9965 141.0517
137.1605 139.4158 136.5032 134.6736 132.3764 0.0000 135.3089 132.9325 134.5733 141.1464
134.2656 139.3820 136.0453 134.4690 135.4389 135.3089 0.0000 137.1474 135.7082 141.6294
139.3027 139.6897 140.4291 139.0951 135.6766 132.9325 137.1474 0.0000 134.8478 142.0413
137.2551 140.1281 135.0033 137.3238 133.9965 134.5733 135.7082 134.8478 0.0000 139.7245
137.7730 143.0983 141.1486 143.9102 141.0517 141.1464 141.6294 142.0413 139.7245 0.0000
