Shape: (10, 10)

0.0000 135.0961 134.8897 137.4224 137.5638 135.0289 141.5408 138.4485 138.1720 137.4997
135.0961 0.0000 138.2158 130.1422 134.9710 135.7505 138.8141 135.2899 136.5245 134.0792
134.8897 138.2158 0.0000 137.6610 139.3325 136.5363 136.3023 137.4049 137.9477 136.7776
137.4224 130.1422 137.6610 0.0000 135.8931 136.5603 139.8573 139.9476 137.9408 138.0400
137.5638 134.9710 139.3325 135.8931 0.0000 136.2567 141.4589 139.5743 140.4946 137.6152
135.0289 135.7505 136.5363 136.5603 136.2567 0.0000 137.4960 135.9505 138.3992 135.8436
141.5408 138.8141 136.3023 139.8573 141.4589 137.4960 0.0000 137.0471 138.9383 141.3529
138.4485 135.2899 137.4049 139.9476 139.5743 135.9505 137.0471 0.0000 137.3975 137.5589
138.1720 136.5245 137.9477 137.9408 140.4946 138.3992 138.9383 137.3975 0.0000 137.5242
137.4997 134.0792 136.7776 138.0400 137.6152 135.8436 141.3529 137.5589 137.5242 0.0000
