Shape: (10, 10)

0.0000 136.7676 143.2319 139.5288 135.9017 135.9019 136.7036 137.9475 141.6041 137.0254
136.7676 0.0000 139.0968 137.8629 138.0912 130.0460 135.1908 133.6560 135.6792 135.1754
143.2319 139.0968 0.0000 144.1202 143.8351 140.9403 138.9314 142.4565 145.6437 142.4895
139.5288 137.8629 144.1202 0.0000 133.9858 137.2271 137.2556 138.8218 141.1477 139.0389
135.9017 138.0912 143.8351 133.9858 0.0000 138.6367 134.9803 136.2418 139.1981 137.4407
135.9019 130.0460 140.9403 137.2271 138.6367 0.0000 135.0504 135.5739 138.8217 134.0193
136.7036 135.1908 138.9314 137.2556 134.9803 135.0504 0.0000 138.3415 140.9258 136.8004
137.9475 133.6560 142.4565 138.8218 136.2418 135.5739 138.3415 0.0000 139.8883 136.1638
141.6041 135.6792 145.6437 141.1477 139.1981 138.8217 140.9258 139.8883 0.0000 137.3868
137.0254 135.1754 142.4895 139.0389 137.4407 134.0193 136.8004 136.1638 137.3868 0.0000
