Shape: (10, 10)

0.0000 139.6959 135.9387 136.0105 139.4447 132.9875 137.5342 140.1650 134.0254 136.2633
139.6959 0.0000 141.4372 140.2303 139.0559 136.6055 140.2603 134.7641 139.1176 139.7498
135.9387 141.4372 0.0000 137.3304 141.9621 137.6410 137.7600 139.3002 138.2171 140.0635
136.0105 140.2303 137.3304 0.0000 140.8307 137.0972 135.6583 139.1000 137.3440 135.4675
139.4447 139.0559 141.9621 140.8307 0.0000 136.9817 137.7823 139.6406 138.2158 137.0449
132.9875 136.6055 137.6410 137.0972 136.9817 0.0000 135.8931 138.1106 135.0182 135.1196
137.5342 140.2603 137.7600 135.6583 137.7823 135.8931 0.0000 133.7633 135.1185 133.0284
140.1650 134.7641 139.3002 139.1000 139.6406 138.1106 133.7633 0.0000 137.2645 140.2088
134.0254 139.1176 138.2171 137.3440 138.2158 135.0182 135.1185 137.2645 0.0000 136.8064
136.2633 139.7498 140.0635 135.4675 137.0449 135.1196 133.0284 140.2088 136.8064 0.0000
