Shape: (10, 10)

0.0000 137.7383 136.3543 135.1367 137.3025 137.2806 135.7762 140.3978 133.9489 136.5629
137.7383 0.0000 132.1817 136.9742 138.1072 137.5103 135.3368 139.0044 138.0788 137.4085
136.3543 132.1817 0.0000 133.8326 137.2593 134.5066 133.0567 135.4013 133.2860 134.8560
135.1367 136.9742 133.8326 0.0000 135.4841 135.0678 139.8639 137.2982 137.1618 137.1136
137.3025 138.1072 137.2593 135.4841 0.0000 135.8104 137.0291 136.4357 134.0636 134.7244
137.2806 137.5103 134.5066 135.0678 135.8104 0.0000 136.8613 138.5000 135.9749 138.4835
135.7762 135.3368 133.0567 139.8639 137.0291 136.8613 0.0000 135.3158 133.8491 132.7944
140.3978 139.0044 135.4013 137.2982 136.4357 138.5000 135.3158 0.0000 138.7340 136.1803
133.9489 138.0788 133.2860 137.1618 134.0636 135.9749 133.8491 138.7340 0.0000 134.2384
136.5629 137.4085 134.8560 137.1136 134.7244 138.4835 132.7944 136.1803 134.2384 0.0000
