Shape: (10, 10)

0.0000 138.2083 139.8420 139.3458 135.4481 135.7497 141.5561 142.3127 140.4909 137.2005
138.2083 0.0000 140.3638 136.1628 138.2521 138.4634 140.7057 141.4425 138.2904 140.5974
139.8420 140.3638 0.0000 138.0147 136.2033 142.6875 142.1067 141.7786 138.7297 136.2805
139.3458 136.1628 138.0147 0.0000 137.3533 136.7837 140.8219 137.3959 134.1845 136.9100
135.4481 138.2521 136.2033 137.3533 0.0000 136.2822 138.3768 138.6247 136.0839 137.5947
135.7497 138.4634 142.6875 136.7837 136.2822 0.0000 136.9399 138.5510 138.8157 138.9236
141.5561 140.7057 142.1067 140.8219 138.3768 136.9399 0.0000 138.8912 140.4532 139.3923
142.3127 141.4425 141.7786 137.3959 138.6247 138.5510 138.8912 0.0000 138.0681 137.6157
140.4909 138.2904 138.7297 134.1845 136.0839 138.8157 140.4532 138.0681 0.0000 141.4267
137.2005 140.5974 136.2805 136.9100 137.5947 138.9236 139.3923 137.6157 141.4267 0.0000
