Shape: (10, 10)

0.0000 140.2353 137.1784 139.0880 138.6679 138.7834 140.4784 136.4744 135.9179 138.5149
140.2353 0.0000 136.2526 134.1017 135.8902 133.7631 138.1444 133.7471 136.2349 138.0911
137.1784 136.2526 0.0000 138.3972 133.7713 137.9318 135.1106 134.7707 137.7364 136.7646
139.0880 134.1017 138.3972 0.0000 141.7936 140.3436 137.8589 140.2020 138.4983 136.7649
138.6679 135.8902 133.7713 141.7936 0.0000 137.1087 139.5098 137.1490 133.7726 142.1942
138.7834 133.7631 137.9318 140.3436 137.1087 0.0000 133.7941 138.6711 136.5503 139.4086
140.4784 138.1444 135.1106 137.8589 139.5098 133.7941 0.0000 135.7065 138.8534 138.6334
136.4744 133.7471 134.7707 140.2020 137.1490 138.6711 135.7065 0.0000 136.5010 137.7164
135.9179 136.2349 137.7364 138.4983 133.7726 136.5503 138.8534 136.5010 0.0000 139.1024
138.5149 138.0911 136.7646 136.7649 142.1942 139.4086 138.6334 137.7164 139.1024 0.0000
