Shape: (10, 10)

0.0000 139.3547 136.8175 139.0535 134.6320 144.1929 138.0223 139.6780 136.2885 138.2104
139.3547 0.0000 136.0881 133.7267 134.7563 139.0629 136.9088 133.3384 136.7161 138.3988
136.8175 136.0881 0.0000 137.0748 133.9227 134.3832 134.1183 136.3824 137.9782 136.0142
139.0535 133.7267 137.0748 0.0000 133.3334 139.1312 134.6700 136.7278 134.1033 140.5166
134.6320 134.7563 133.9227 133.3334 0.0000 140.3200 131.8409 137.3571 133.4664 136.6880
144.1929 139.0629 134.3832 139.1312 140.3200 0.0000 137.2731 139.8820 139.8354 140.5444
138.0223 136.9088 134.1183 134.6700 131.8409 137.2731 0.0000 135.5449 137.0906 137.6307
139.6780 133.3384 136.3824 136.7278 137.3571 139.8820 135.5449 0.0000 136.1738 137.2794
136.2885 136.7161 137.9782 134.1033 133.4664 139.8354 137.0906 136.1738 0.0000 139.8518
138.2104 138.3988 136.0142 140.5166 136.6880 140.5444 137.6307 137.2794 139.8518 0.0000
