Shape: (10, 10)

0.0000 139.2885 138.7204 137.8247 136.5872 134.0001 137.4776 139.6516 136.6196 137.3760
139.2885 0.0000 141.2791 136.3699 140.2727 140.7502 138.4808 138.5787 138.1525 140.5578
138.7204 141.2791 0.0000 140.0536 134.7866 135.0870 138.2870 140.2388 136.0921 135.1842
137.8247 136.3699 140.0536 0.0000 138.5206 137.0949 136.1590 138.8161 139.6267 137.7562
136.5872 140.2727 134.7866 138.5206 0.0000 137.0877 136.3925 140.1032 138.8846 134.9620
134.0001 140.7502 135.0870 137.0949 137.0877 0.0000 137.0913 137.8953 140.0265 137.6825
137.4776 138.4808 138.2870 136.1590 136.3925 137.0913 0.0000 136.5864 137.3878 133.9831
139.6516 138.5787 140.2388 138.8161 140.1032 137.8953 136.5864 0.0000 136.9625 137.5025
136.6196 138.1525 136.0921 139.6267 138.8846 140.0265 137.3878 136.9625 0.0000 136.7583
137.3760 140.5578 135.1842 137.7562 134.9620 137.6825 133.9831 137.5025 136.7583 0.0000
