Shape: (10, 10)

0.0000 137.3572 136.8238 137.1980 135.2283 137.1718 137.2886 138.0764 135.9930 138.9076
137.3572 0.0000 137.6997 133.2863 136.1086 135.7944 135.2501 135.9646 137.6122 136.6945
136.8238 137.6997 0.0000 137.0696 136.8293 137.0856 140.4125 138.7470 139.5259 139.4615
137.1980 133.2863 137.0696 0.0000 137.8238 138.9482 134.6613 134.5013 137.0936 140.1652
135.2283 136.1086 136.8293 137.8238 0.0000 134.6379 139.7896 134.8023 135.5776 140.6793
137.1718 135.7944 137.0856 138.9482 134.6379 0.0000 134.9262 136.0582 138.0010 134.4762
137.2886 135.2501 140.4125 134.6613 139.7896 134.9262 0.0000 137.8871 137.5264 136.8295
138.0764 135.9646 138.7470 134.5013 134.8023 136.0582 137.8871 0.0000 137.2057 138.5661
135.9930 137.6122 139.5259 137.0936 135.5776 138.0010 137.5264 137.2057 0.0000 137.8763
138.9076 136.6945 139.4615 140.1652 140.6793 134.4762 136.8295 138.5661 137.8763 0.0000
