Shape: (10, 10)

0.0000 131.9437 136.5590 138.1297 135.7088 137.3465 130.3840 137.9447 136.8455 136.9656
131.9437 0.0000 137.7576 133.3336 136.0034 136.1697 136.5347 138.7622 138.6800 136.6994
136.5590 137.7576 0.0000 137.2586 139.2341 137.2913 136.5381 139.5624 136.0328 136.0598
138.1297 133.3336 137.2586 0.0000 139.1288 137.4388 136.9873 138.3002 138.5573 138.5067
135.7088 136.0034 139.2341 139.1288 0.0000 136.6240 136.0360 139.6428 140.0450 137.6374
137.3465 136.1697 137.2913 137.4388 136.6240 0.0000 134.8156 133.9280 136.6508 136.3278
130.3840 136.5347 136.5381 136.9873 136.0360 134.8156 0.0000 135.0543 138.1007 134.2319
137.9447 138.7622 139.5624 138.3002 139.6428 133.9280 135.0543 0.0000 136.3882 138.0996
136.8455 138.6800 136.0328 138.5573 140.0450 136.6508 138.1007 136.3882 0.0000 135.4602
136.9656 136.6994 136.0598 138.5067 137.6374 136.3278 134.2319 138.0996 135.4602 0.0000
