Shape: (10, 10)

0.0000 138.7698 137.2657 136.5888 137.1774 134.1230 139.1660 136.3371 135.8609 137.0748
138.7698 0.0000 136.3915 140.7842 140.2094 135.7062 141.2810 138.0045 139.8150 136.1699
137.2657 136.3915 0.0000 137.4522 137.2148 135.0550 136.2813 137.5785 139.6149 135.5109
136.5888 140.7842 137.4522 0.0000 137.3994 138.3579 140.3838 138.9449 138.7583 138.4414
137.1774 140.2094 137.2148 137.3994 0.0000 136.2581 138.9343 139.8479 134.8560 137.2719
134.1230 135.7062 135.0550 138.3579 136.2581 0.0000 139.7676 137.1739 133.8636 134.3132
139.1660 141.2810 136.2813 140.3838 138.9343 139.7676 0.0000 139.2689 140.1740 138.0185
136.3371 138.0045 137.5785 138.9449 139.8479 137.1739 139.2689 0.0000 136.8941 137.5780
135.8609 139.8150 139.6149 138.7583 134.8560 133.8636 140.1740 136.8941 0.0000 134.8571
137.0748 136.1699 135.5109 138.4414 137.2719 134.3132 138.0185 137.5780 134.8571 0.0000
