Shape: (10, 10)

0.0000 135.0759 136.3622 137.1098 131.9560 136.8023 136.8333 139.6752 136.3331 138.9729
135.0759 0.0000 134.2388 135.5914 132.5228 137.0866 135.4932 137.0602 135.8456 136.9757
136.3622 134.2388 0.0000 137.2765 131.6807 135.4045 133.0813 135.5054 131.9467 136.9193
137.1098 135.5914 137.2765 0.0000 133.8841 136.6077 138.2709 140.7973 137.2486 139.3561
131.9560 132.5228 131.6807 133.8841 0.0000 136.6247 134.2791 130.8213 133.2837 134.2614
136.8023 137.0866 135.4045 136.6077 136.6247 0.0000 135.8893 137.2287 135.5133 134.3353
136.8333 135.4932 133.0813 138.2709 134.2791 135.8893 0.0000 138.1232 138.0920 136.3096
139.6752 137.0602 135.5054 140.7973 130.8213 137.2287 138.1232 0.0000 137.4704 136.0653
136.3331 135.8456 131.9467 137.2486 133.2837 135.5133 138.0920 137.4704 0.0000 135.0406
138.9729 136.9757 136.9193 139.3561 134.2614 134.3353 136.3096 136.0653 135.0406 0.0000
