Shape: (10, 10)

0.0000 138.2260 139.9207 134.5401 135.6961 138.1693 141.1674 136.9024 137.8899 137.1489
138.2260 0.0000 137.9216 138.8731 138.1259 135.8085 134.8155 133.1870 138.4556 137.8199
139.9207 137.9216 0.0000 139.3878 139.6981 139.0871 138.4232 137.6435 140.0983 138.4917
134.5401 138.8731 139.3878 0.0000 137.6544 135.6554 138.9701 136.7008 136.5580 139.3482
135.6961 138.1259 139.6981 137.6544 0.0000 138.8086 138.8453 138.4337 141.4721 139.0897
138.1693 135.8085 139.0871 135.6554 138.8086 0.0000 139.0651 135.5019 136.9323 139.0119
141.1674 134.8155 138.4232 138.9701 138.8453 139.0651 0.0000 138.6612 138.5507 139.7170
136.9024 133.1870 137.6435 136.7008 138.4337 135.5019 138.6612 0.0000 138.1878 136.2710
137.8899 138.4556 140.0983 136.5580 141.4721 136.9323 138.5507 138.1878 0.0000 140.9195
137.1489 137.8199 138.4917 139.3482 139.0897 139.0119 139.7170 136.2710 140.9195 0.0000
