Shape: (10, 10)

0.0000 138.9390 136.8408 140.8512 141.8034 136.2287 137.4136 139.4994 136.0571 140.5955
138.9390 0.0000 137.4163 136.8544 138.9540 137.3792 139.9493 136.2728 132.5923 141.5848
136.8408 137.4163 0.0000 139.3814 134.7326 138.6226 139.5999 137.6485 136.2483 140.6179
140.8512 136.8544 139.3814 0.0000 137.3831 137.9957 137.1738 138.8754 136.6108 143.1797
141.8034 138.9540 134.7326 137.3831 0.0000 138.5375 137.7530 140.1445 138.7978 142.2612
136.2287 137.3792 138.6226 137.9957 138.5375 0.0000 139.8816 137.2506 131.4387 138.7918
137.4136 139.9493 139.5999 137.1738 137.7530 139.8816 0.0000 137.6924 137.1668 136.6738
139.4994 136.2728 137.6485 138.8754 140.1445 137.2506 137.6924 0.0000 138.3349 138.5516
136.0571 132.5923 136.2483 136.6108 138.7978 131.4387 137.1668 138.3349 0.0000 138.8426
140.5955 141.5848 140.6179 143.1797 142.2612 138.7918 136.6738 138.5516 138.8426 0.0000
