Shape: (10, 10)

0.0000 139.2549 135.8065 137.6829 137.9270 137.7791 137.3199 140.6907 139.1445 138.7104
139.2549 0.0000 137.0212 137.9197 138.7843 134.3502 135.0016 137.6913 134.7152 136.0254
135.8065 137.0212 0.0000 137.8237 136.4298 134.3908 133.9090 137.7304 135.2222 135.4584
137.6829 137.9197 137.8237 0.0000 136.6504 133.5421 132.1794 136.8321 132.5580 129.4472
137.9270 138.7843 136.4298 136.6504 0.0000 135.5804 133.6742 135.1520 137.4528 135.4882
137.7791 134.3502 134.3908 133.5421 135.5804 0.0000 132.3013 134.6496 130.9825 133.1213
137.3199 135.0016 133.9090 132.1794 133.6742 132.3013 0.0000 135.5516 135.8899 133.4958
140.6907 137.6913 137.7304 136.8321 135.1520 134.6496 135.5516 0.0000 137.0245 134.7447
139.1445 134.7152 135.2222 132.5580 137.4528 130.9825 135.8899 137.0245 0.0000 134.0382
138.7104 136.0254 135.4584 129.4472 135.4882 133.1213 133.4958 134.7447 134.0382 0.0000
