Shape: (10, 10)

0.0000 136.0940 135.3990 134.4616 137.9613 139.2870 135.6602 139.2515 136.6929 138.7978
136.0940 0.0000 137.3162 134.0647 138.8092 141.8626 135.9969 138.1993 140.2089 140.0355
135.3990 137.3162 0.0000 137.8092 140.1998 138.3723 134.2397 137.8230 141.4208 139.2319
134.4616 134.0647 137.8092 0.0000 138.7069 137.1710 136.9343 133.0285 138.5699 137.1362
137.9613 138.8092 140.1998 138.7069 0.0000 139.1043 136.7795 139.2147 139.1996 142.8620
139.2870 141.8626 138.3723 137.1710 139.1043 0.0000 137.4960 138.3174 139.4431 136.9549
135.6602 135.9969 134.2397 136.9343 136.7795 137.4960 0.0000 138.0536 138.1537 138.7091
139.2515 138.1993 137.8230 133.0285 139.2147 138.3174 138.0536 0.0000 136.4066 139.3898
136.6929 140.2089 141.4208 138.5699 139.1996 139.4431 138.1537 136.4066 0.0000 137.8993
138.7978 140.0355 139.2319 137.1362 142.8620 136.9549 138.7091 139.3898 137.8993 0.0000
