Shape: (10, 10)

0.0000 132.5782 139.4302 136.6109 136.2177 135.8469 136.2854 134.0946 137.6774 136.9716
132.5782 0.0000 137.9164 136.7482 136.3101 133.7884 133.8302 133.6570 135.7753 136.4710
139.4302 137.9164 0.0000 140.2587 138.8973 137.7444 138.3024 139.4577 140.1534 140.0722
136.6109 136.7482 140.2587 0.0000 138.0218 140.3296 139.4565 135.4351 138.8516 139.0173
136.2177 136.3101 138.8973 138.0218 0.0000 133.4372 134.4456 134.7637 136.1148 138.8219
135.8469 133.7884 137.7444 140.3296 133.4372 0.0000 134.5297 133.6794 136.6607 137.8733
136.2854 133.8302 138.3024 139.4565 134.4456 134.5297 0.0000 137.7898 139.1939 134.4115
134.0946 133.6570 139.4577 135.4351 134.7637 133.6794 137.7898 0.0000 138.1078 139.3046
137.6774 135.7753 140.1534 138.8516 136.1148 136.6607 139.1939 138.1078 0.0000 140.4228
136.9716 136.4710 140.0722 139.0173 138.8219 137.8733 134.4115 139.3046 140.4228 0.0000
