Shape: (10, 10)

0.0000 132.0686 134.2664 139.4422 135.1752 135.5379 137.7909 134.5184 137.5944 134.8748
132.0686 0.0000 134.2983 137.0684 136.0917 136.3258 135.1136 133.1568 139.2412 133.3044
134.2664 134.2983 0.0000 137.1500 135.2915 137.2801 134.7494 135.7330 135.4220 137.9494
139.4422 137.0684 137.1500 0.0000 137.7981 141.0336 138.8374 139.4443 142.2121 139.8542
135.1752 136.0917 135.2915 137.7981 0.0000 132.9330 131.4699 137.6805 136.1908 135.4386
135.5379 136.3258 137.2801 141.0336 132.9330 0.0000 138.5539 136.6906 137.8756 137.0706
137.7909 135.1136 134.7494 138.8374 131.4699 138.5539 0.0000 136.5268 137.7218 139.0740
134.5184 133.1568 135.7330 139.4443 137.6805 136.6906 136.5268 0.0000 139.9694 137.0773
137.5944 139.2412 135.4220 142.2121 136.1908 137.8756 137.7218 139.9694 0.0000 138.8732
134.8748 133.3044 137.9494 139.8542 135.4386 137.0706 139.0740 137.0773 138.8732 0.0000
