Shape: (10, 10)

0.0000 140.3307 133.7900 139.6353 138.4480 134.0455 138.2130 139.9891 135.7583 135.3433
140.3307 0.0000 138.0988 136.3586 136.6097 137.8719 138.6972 138.4918 132.9198 140.1010
133.7900 138.0988 0.0000 136.2856 139.3895 134.0053 136.5054 136.0397 135.7514 133.6327
139.6353 136.3586 136.2856 0.0000 139.2768 134.2585 137.5337 138.3374 136.3678 139.5395
138.4480 136.6097 139.3895 139.2768 0.0000 135.9492 137.7418 141.5240 138.2305 137.9873
134.0455 137.8719 134.0053 134.2585 135.9492 0.0000 136.8313 136.0439 134.0280 134.8006
138.2130 138.6972 136.5054 137.5337 137.7418 136.8313 0.0000 140.4796 136.0309 137.6555
139.9891 138.4918 136.0397 138.3374 141.5240 136.0439 140.4796 0.0000 137.0127 138.2351
135.7583 132.9198 135.7514 136.3678 138.2305 134.0280 136.0309 137.0127 0.0000 136.6159
135.3433 140.1010 133.6327 139.5395 137.9873 134.8006 137.6555 138.2351 136.6159 0.0000
