Shape: (10, 10)

0.0000 135.6616 137.0016 137.8726 135.6997 139.4939 137.2375 138.8147 139.1670 141.7126
135.6616 0.0000 137.2085 137.5722 132.9917 137.7254 137.5984 133.7919 137.1474 137.4724
137.0016 137.2085 0.0000 138.7916 139.2990 136.5670 138.3990 134.6756 140.5889 140.4909
137.8726 137.5722 138.7916 0.0000 138.1714 133.5094 138.0637 134.6996 136.9375 140.6067
135.6997 132.9917 139.2990 138.1714 0.0000 137.7706 133.6240 137.7412 136.5647 137.6850
139.4939 137.7254 136.5670 133.5094 137.7706 0.0000 137.7381 138.5991 141.7289 133.4168
137.2375 137.5984 138.3990 138.0637 133.6240 137.7381 0.0000 137.7127 137.6893 142.3999
138.8147 133.7919 134.6756 134.6996 137.7412 138.5991 137.7127 0.0000 138.9376 138.1247
139.1670 137.1474 140.5889 136.9375 136.5647 141.7289 137.6893 138.9376 0.0000 139.1583
141.7126 137.4724 140.4909 140.6067 137.6850 133.4168 142.3999 138.1247 139.1583 0.0000
