Shape: (10, 10)

EMD Matrix (rounded):

0.00 133.29 140.58 136.18 139.70 133.57 141.20 135.73 137.65 133.40
133.29 0.00 139.83 135.59 139.73 133.54 140.97 133.25 137.21 133.19
140.58 139.83 0.00 137.77 136.93 134.79 138.93 135.43 141.31 135.01
136.18 135.59 137.77 0.00 136.87 133.79 141.88 139.88 138.84 137.78
139.70 139.73 136.93 136.87 0.00 136.58 140.57 136.62 140.63 134.78
133.57 133.54 134.79 133.79 136.58 0.00 138.05 134.19 133.49 131.99
141.20 140.97 138.93 141.88 140.57 138.05 0.00 142.80 138.86 138.39
135.73 133.25 135.43 139.88 136.62 134.19 142.80 0.00 137.17 133.35
137.65 137.21 141.31 138.84 140.63 133.49 138.86 137.17 0.00 134.12
133.40 133.19 135.01 137.78 134.78 131.99 138.39 133.35 134.12 0.00
