Type: <class 'torch.Tensor'>
Shape: (32, 16384)
Dtype: torch.float32

First 5 rows, first 10 values:

Row 0: [4.198496341705322, 0.4950328469276428, 0.0, 1.1008633375167847, 1.3075683116912842, 1.2666800022125244, 1.2116254568099976, 1.1261565685272217, 0.0, 0.24051058292388916]
Row 1: [2.6508066654205322, 0.31787848472595215, 0.0, 0.0, 1.4041861295700073, 3.1658852100372314, 0.9421783089637756, 1.0471972227096558, 0.8689008355140686, 0.9175414443016052]
Row 2: [0.0, 0.0, 0.0, 0.0, 0.0, 0.0, 0.0, 0.0, 0.3878353238105774, 0.1974964290857315]
Row 3: [1.271698236465454, 1.178869605064392, 1.2742798328399658, 1.0987775325775146, 1.1665414571762085, 0.9811747074127197, 0.8518164753913879, 0.5134941339492798, 0.042950890958309174, 0.0]
Row 4: [0.0, 0.0, 0.6852200627326965, 1.2557759284973145, 0.5450073480606079, 0.0, 0.04024657979607582, 0.28429678082466125, 0.4118872582912445, 0.6743678450584412]
