Shape: (10, 10)

0.0000 133.9569 137.2173 137.2687 137.3011 137.7318 139.2317 135.9676 140.6837 137.0312
133.9569 0.0000 131.8619 135.4996 129.8104 133.5615 131.0742 131.7306 135.4479 132.4955
137.2173 131.8619 0.0000 134.3232 138.0390 137.6830 136.3416 137.1624 140.5426 138.1555
137.2687 135.4996 134.3232 0.0000 134.1292 136.5241 132.7136 135.3093 138.5948 132.8678
137.3011 129.8104 138.0390 134.1292 0.0000 136.2705 136.7437 133.6435 137.5500 134.2699
137.7318 133.5615 137.6830 136.5241 136.2705 0.0000 136.2942 137.3451 139.6307 136.2815
139.2317 131.0742 136.3416 132.7136 136.7437 136.2942 0.0000 137.2938 141.4752 134.4208
135.9676 131.7306 137.1624 135.3093 133.6435 137.3451 137.2938 0.0000 136.5982 136.6041
140.6837 135.4479 140.5426 138.5948 137.5500 139.6307 141.4752 136.5982 0.0000 140.9487
137.0312 132.4955 138.1555 132.8678 134.2699 136.2815 134.4208 136.6041 140.9487 0.0000
