Shape: (10, 10)

0.0000 138.2625 136.8700 138.6683 136.2375 136.7729 141.3375 138.2126 136.5969 135.0443
138.2625 0.0000 132.2783 133.8310 136.0855 134.1548 134.0699 138.1946 135.7170 133.2133
136.8700 132.2783 0.0000 133.0770 135.8575 133.2446 133.3846 132.3808 135.0922 133.2625
138.6683 133.8310 133.0770 0.0000 134.0354 134.3590 134.2329 133.1654 137.5451 130.9115
136.2375 136.0855 135.8575 134.0354 0.0000 132.9550 136.7840 136.0062 136.8981 134.3221
136.7729 134.1548 133.2446 134.3590 132.9550 0.0000 140.1028 136.6693 138.1097 132.5079
141.3375 134.0699 133.3846 134.2329 136.7840 140.1028 0.0000 137.6714 140.1586 136.4432
138.2126 138.1946 132.3808 133.1654 136.0062 136.6693 137.6714 0.0000 135.2222 132.8656
136.5969 135.7170 135.0922 137.5451 136.8981 138.1097 140.1586 135.2222 0.0000 135.6288
135.0443 133.2133 133.2625 130.9115 134.3221 132.5079 136.4432 132.8656 135.6288 0.0000
